"service_id","monday","tuesday","wednesday","thursday","friday","saturday","sunday","start_date","end_date"
1,1,1,1,1,1,0,0,20221202,20231209
2,0,0,0,0,0,0,0,20221202,20231209
3,1,1,1,1,1,0,0,20221202,20231209
4,1,1,1,1,1,0,0,20221202,20231209
5,0,0,0,0,0,0,0,20221202,20231209
6,1,1,1,1,1,0,0,20221202,20231209
7,1,1,1,1,0,0,0,20221202,20231209
8,0,0,0,0,0,0,0,20221202,20231209
9,1,0,1,0,1,0,0,20221202,20231209
10,1,1,1,1,0,0,0,20221202,20231209
11,0,0,0,0,0,1,0,20221202,20231209
12,0,0,0,0,0,1,0,20221202,20231209
13,1,1,1,1,1,1,1,20221202,20231209
14,1,1,1,1,1,1,0,20221202,20231209
15,1,1,1,1,1,1,1,20221202,20231209
16,0,0,0,0,0,1,1,20221202,20231209
17,1,1,1,1,1,0,1,20221202,20231209
18,0,0,0,0,0,1,1,20221202,20231209
19,1,1,1,1,1,1,0,20221202,20231209
20,0,0,0,0,0,1,0,20221202,20231209
21,0,1,1,1,1,0,0,20221202,20231209
22,1,0,0,0,0,0,0,20221202,20231209
23,1,1,1,1,1,1,0,20221202,20231209
24,0,0,0,0,0,0,0,20221202,20231209
25,0,0,0,0,0,0,0,20221202,20231209
26,1,1,1,1,1,1,1,20221202,20231209
27,0,0,0,0,0,0,1,20221202,20231209
28,0,1,1,0,0,0,0,20221202,20231209
29,1,0,0,1,1,0,0,20221202,20231209
30,1,1,1,0,0,0,0,20221202,20231209
31,0,0,0,0,0,0,0,20221202,20231209
32,0,0,0,0,0,1,0,20221202,20231209
33,0,0,0,0,0,1,1,20221202,20231209
34,0,0,0,0,0,0,0,20221202,20231209
35,0,0,0,0,0,0,0,20221202,20231209
36,1,1,1,1,1,1,1,20221202,20231209
37,1,1,1,1,1,1,1,20221202,20231209
38,1,1,1,1,1,1,1,20221202,20231209
39,0,0,0,0,0,0,1,20221202,20231209
40,0,0,0,0,0,0,0,20221202,20231209
41,1,1,1,1,1,1,1,20221202,20231209
42,1,1,1,1,1,1,0,20221202,20231209
43,1,1,1,1,1,0,0,20221202,20231209
44,0,0,0,0,0,0,0,20221202,20231209
45,0,0,0,0,0,0,0,20221202,20231209
46,0,0,0,0,0,0,0,20221202,20231209
47,0,0,0,0,0,0,0,20221202,20231209
48,0,0,0,0,0,0,0,20221202,20231209
49,0,0,0,0,0,0,0,20221202,20231209
50,0,0,0,0,1,0,0,20221202,20231209
51,0,0,0,1,0,0,0,20221202,20231209
52,0,0,1,0,0,0,0,20221202,20231209
53,0,1,0,0,0,0,0,20221202,20231209
54,1,0,0,0,0,0,0,20221202,20231209
55,0,0,0,0,0,1,0,20221202,20231209
56,0,1,1,1,0,0,0,20221202,20231209
57,1,1,1,0,1,0,0,20221202,20231209
58,0,0,0,1,0,0,0,20221202,20231209
59,0,0,0,0,1,0,0,20221202,20231209
60,0,0,1,0,0,0,0,20221202,20231209
61,0,1,0,0,0,0,0,20221202,20231209
62,0,0,0,0,1,0,0,20221202,20231209
63,0,0,0,1,0,0,0,20221202,20231209
64,1,0,0,0,0,0,0,20221202,20231209
65,1,1,0,0,0,0,0,20221202,20231209
66,0,0,0,0,0,0,0,20221202,20231209
67,0,0,0,0,0,0,0,20221202,20231209
68,0,0,0,0,0,0,0,20221202,20231209
69,0,0,0,0,0,0,0,20221202,20231209
70,0,0,0,0,0,0,0,20221202,20231209
71,0,0,0,0,0,0,0,20221202,20231209
72,0,0,0,0,0,1,0,20221202,20231209
73,1,1,1,1,1,1,1,20221202,20231209
74,1,1,1,1,1,1,1,20221202,20231209
75,0,0,0,0,0,1,1,20221202,20231209
76,1,1,1,1,1,1,1,20221202,20231209
77,0,0,0,0,1,0,0,20221202,20231209
78,1,1,1,1,0,0,0,20221202,20231209
79,0,0,0,0,1,0,0,20221202,20231209
80,0,0,0,0,1,1,0,20221202,20231209
81,0,0,0,0,0,0,0,20221202,20231209
82,0,0,0,0,0,0,1,20221202,20231209
83,0,0,0,0,1,1,0,20221202,20231209
84,0,0,1,0,0,0,0,20221202,20231209
85,0,0,0,0,0,0,0,20221202,20231209
86,0,1,0,0,1,0,0,20221202,20231209
87,1,0,1,1,0,0,0,20221202,20231209
88,1,1,1,1,1,1,0,20221202,20231209
89,1,1,1,1,1,1,1,20221202,20231209
90,0,0,0,0,0,0,0,20221202,20231209
91,0,0,0,0,0,1,0,20221202,20231209
92,0,0,0,0,0,0,0,20221202,20231209
93,0,0,0,0,0,1,0,20221202,20231209
94,1,1,1,1,1,1,0,20221202,20231209
95,1,1,1,1,1,1,0,20221202,20231209
96,0,0,0,0,1,1,0,20221202,20231209
97,1,0,0,0,1,0,0,20221202,20231209
98,0,0,0,0,1,1,0,20221202,20231209
99,1,1,1,1,1,1,1,20221202,20231209
100,0,0,0,0,0,1,0,20221202,20231209
101,1,1,1,1,1,1,0,20221202,20231209
102,0,0,0,0,0,1,0,20221202,20231209
103,1,1,1,1,1,0,0,20221202,20231209
104,1,1,1,1,1,0,0,20221202,20231209
105,1,0,0,1,1,0,0,20221202,20231209
106,0,1,1,1,0,0,0,20221202,20231209
107,1,1,1,1,0,0,0,20221202,20231209
108,1,1,1,1,1,0,0,20221202,20231209
109,0,0,0,0,1,0,0,20221202,20231209
110,0,0,0,0,0,0,0,20221202,20231209
111,1,1,1,1,1,0,0,20221202,20231209
112,0,0,0,0,0,0,0,20221202,20231209
113,0,0,0,0,0,0,0,20221202,20231209
114,0,0,0,0,0,0,0,20221202,20231209
115,1,0,0,0,0,0,0,20221202,20231209
116,1,1,1,1,1,0,0,20221202,20231209
117,1,1,1,1,1,0,0,20221202,20231209
118,0,1,0,0,0,0,0,20221202,20231209
119,0,1,1,1,1,0,0,20221202,20231209
120,1,1,1,1,0,0,0,20221202,20231209
121,0,0,0,0,0,0,0,20221202,20231209
122,0,0,0,0,0,0,0,20221202,20231209
123,0,0,0,0,1,0,0,20221202,20231209
124,1,1,1,1,0,0,0,20221202,20231209
125,0,0,0,0,0,0,0,20221202,20231209
126,0,0,0,0,0,0,0,20221202,20231209
127,0,0,0,0,0,0,0,20221202,20231209
128,0,1,1,1,0,0,0,20221202,20231209
129,0,0,1,0,0,0,0,20221202,20231209
130,0,0,0,0,0,1,0,20221202,20231209
131,0,0,0,0,0,0,0,20221202,20231209
132,1,1,1,1,1,1,1,20221202,20231209
133,1,1,1,1,1,1,0,20221202,20231209
134,0,0,0,0,0,0,0,20221202,20231209
135,1,0,1,0,0,0,0,20221202,20231209
136,0,1,0,1,0,0,0,20221202,20231209
137,1,1,1,1,1,0,0,20221202,20231209
138,1,0,1,1,0,0,0,20221202,20231209
139,1,1,1,1,1,0,0,20221202,20231209
140,0,0,0,0,0,0,0,20221202,20231209
141,0,0,1,0,0,0,0,20221202,20231209
142,1,1,0,1,0,0,0,20221202,20231209
143,0,0,0,0,0,0,0,20221202,20231209
144,0,0,0,0,0,1,0,20221202,20231209
145,1,1,1,1,1,0,0,20221202,20231209
146,0,0,0,0,0,0,0,20221202,20231209
147,1,1,1,1,1,1,0,20221202,20231209
148,1,1,1,1,1,1,0,20221202,20231209
149,0,0,0,0,0,0,1,20221202,20231209
150,0,0,0,0,0,1,1,20221202,20231209
151,0,0,0,0,0,1,1,20221202,20231209
152,0,0,0,0,0,0,1,20221202,20231209
153,0,0,0,0,1,1,0,20221202,20231209
154,0,0,0,0,1,1,0,20221202,20231209
155,0,0,0,0,0,0,0,20221202,20231209
156,1,1,1,1,1,0,0,20221202,20231209
157,0,0,0,0,0,0,0,20221202,20231209
158,1,1,1,1,1,0,0,20221202,20231209
159,0,0,0,0,0,0,0,20221202,20231209
160,0,0,0,0,0,0,0,20221202,20231209
161,1,1,1,1,1,0,1,20221202,20231209
162,1,1,1,1,1,0,0,20221202,20231209
163,1,0,0,0,0,0,0,20221202,20231209
164,0,0,0,0,0,0,0,20221202,20231209
165,0,0,0,0,0,1,0,20221202,20231209
166,0,0,0,0,0,0,0,20221202,20231209
167,0,0,0,0,0,0,0,20221202,20231209
168,0,0,0,0,0,0,0,20221202,20231209
169,1,1,1,1,0,0,0,20221202,20231209
170,0,0,0,0,1,1,0,20221202,20231209
171,0,0,0,0,0,0,0,20221202,20231209
172,0,0,0,0,0,0,0,20221202,20231209
173,0,0,0,0,0,0,0,20221202,20231209
174,0,0,0,0,0,0,0,20221202,20231209
175,0,1,0,1,0,0,0,20221202,20231209
176,0,0,0,0,1,1,0,20221202,20231209
177,0,0,0,0,0,0,0,20221202,20231209
178,0,0,0,0,0,1,0,20221202,20231209
179,0,0,0,0,0,0,0,20221202,20231209
180,1,1,1,1,1,0,0,20221202,20231209
181,0,0,0,0,0,0,0,20221202,20231209
182,0,0,0,0,0,0,0,20221202,20231209
183,0,0,0,0,0,0,0,20221202,20231209
184,0,0,0,0,0,0,0,20221202,20231209
185,0,0,0,0,0,0,0,20221202,20231209
186,1,1,1,1,1,0,0,20221202,20231209
187,0,0,0,0,0,0,0,20221202,20231209
188,0,0,0,0,0,0,0,20221202,20231209
189,1,1,1,1,0,0,0,20221202,20231209
190,0,0,0,0,0,0,0,20221202,20231209
191,0,0,0,0,0,1,0,20221202,20231209
192,0,0,0,0,0,0,1,20221202,20231209
193,0,0,0,0,0,1,1,20221202,20231209
194,1,1,1,1,1,1,0,20221202,20231209
195,0,0,0,0,0,0,1,20221202,20231209
196,0,0,0,0,0,0,0,20221202,20231209
197,0,0,0,0,0,0,0,20221202,20231209
198,1,1,1,1,1,0,0,20221202,20231209
199,0,1,1,1,0,0,0,20221202,20231209
200,1,0,0,0,0,0,0,20221202,20231209
201,0,0,0,0,0,0,0,20221202,20231209
202,0,0,0,0,0,1,0,20221202,20231209
203,1,1,1,1,0,0,0,20221202,20231209
204,0,0,0,0,0,0,0,20221202,20231209
205,0,0,0,0,0,0,0,20221202,20231209
206,0,0,0,0,0,0,0,20221202,20231209
207,0,0,0,0,0,0,1,20221202,20231209
208,0,0,0,0,0,0,0,20221202,20231209
209,0,0,0,0,0,0,0,20221202,20231209
210,1,1,1,1,1,1,0,20221202,20231209
211,0,0,0,0,0,0,0,20221202,20231209
212,0,0,1,1,0,0,0,20221202,20231209
213,0,1,1,0,0,0,0,20221202,20231209
214,1,1,1,1,1,1,0,20221202,20231209
215,0,0,0,0,0,0,1,20221202,20231209
216,1,1,1,1,1,0,0,20221202,20231209
217,0,0,0,0,0,1,1,20221202,20231209
218,1,0,1,0,0,0,0,20221202,20231209
219,0,0,0,0,0,0,0,20221202,20231209
220,0,0,0,0,0,1,0,20221202,20231209
221,0,0,0,0,0,1,1,20221202,20231209
222,1,1,0,1,0,0,0,20221202,20231209
223,1,1,1,1,1,0,0,20221202,20231209
224,0,0,0,0,0,1,1,20221202,20231209
225,1,1,1,1,1,0,0,20221202,20231209
226,1,1,1,1,1,1,1,20221202,20231209
227,1,1,1,1,1,0,0,20221202,20231209
228,0,0,0,0,0,0,0,20221202,20231209
229,0,0,0,0,0,0,0,20221202,20231209
230,0,0,0,0,0,0,0,20221202,20231209
231,0,0,0,0,0,0,0,20221202,20231209
232,0,0,0,0,0,0,0,20221202,20231209
233,0,0,0,0,0,0,0,20221202,20231209
234,0,0,0,0,0,1,0,20221202,20231209
235,0,0,0,0,0,1,1,20221202,20231209
236,1,0,1,0,1,0,0,20221202,20231209
237,1,1,1,1,1,1,1,20221202,20231209
238,0,0,0,0,0,0,0,20221202,20231209
239,0,0,0,0,0,0,0,20221202,20231209
240,0,0,0,0,0,0,0,20221202,20231209
241,0,0,0,0,0,0,1,20221202,20231209
242,0,0,0,0,0,1,1,20221202,20231209
243,0,0,0,0,0,0,0,20221202,20231209
244,1,1,1,1,1,1,0,20221202,20231209
245,0,0,0,0,0,0,0,20221202,20231209
246,0,0,0,0,0,1,1,20221202,20231209
247,0,0,0,0,0,1,1,20221202,20231209
248,0,0,0,0,0,1,0,20221202,20231209
249,1,1,1,1,1,0,0,20221202,20231209
250,0,0,0,0,0,0,1,20221202,20231209
251,1,1,1,1,1,1,0,20221202,20231209
252,1,1,1,1,1,1,1,20221202,20231209
253,1,1,1,1,1,1,1,20221202,20231209
254,1,1,1,1,1,1,0,20221202,20231209
255,1,1,1,1,1,0,0,20221202,20231209
256,1,1,1,1,1,0,0,20221202,20231209
257,0,0,0,0,0,0,0,20221202,20231209
258,1,0,1,0,1,0,0,20221202,20231209
259,0,0,1,1,1,0,0,20221202,20231209
260,0,0,0,0,0,0,0,20221202,20231209
261,0,1,1,0,1,0,0,20221202,20231209
262,1,0,0,1,0,0,0,20221202,20231209
263,0,0,1,1,1,0,0,20221202,20231209
264,0,0,0,0,0,0,0,20221202,20231209
265,1,1,1,1,0,0,0,20221202,20231209
266,0,0,0,0,0,0,0,20221202,20231209
267,1,0,1,1,0,0,0,20221202,20231209
268,0,0,1,1,0,0,0,20221202,20231209
269,0,1,0,0,1,0,0,20221202,20231209
270,0,1,0,1,0,0,0,20221202,20231209
271,1,1,0,1,0,0,0,20221202,20231209
272,0,0,0,0,0,0,0,20221202,20231209
273,0,0,0,0,0,0,0,20221202,20231209
274,0,0,0,0,0,0,0,20221202,20231209
275,0,0,1,0,0,0,0,20221202,20231209
276,0,0,0,0,0,0,0,20221202,20231209
277,1,1,0,1,0,0,0,20221202,20231209
278,0,0,1,1,0,0,0,20221202,20231209
279,0,0,0,0,0,0,0,20221202,20231209
280,0,0,1,1,0,0,0,20221202,20231209
281,1,1,1,1,1,0,0,20221202,20231209
282,0,0,0,0,0,0,0,20221202,20231209
283,0,0,0,0,0,0,0,20221202,20231209
284,0,0,0,0,0,0,0,20221202,20231209
285,0,0,0,0,0,0,0,20221202,20231209
286,0,0,0,0,0,0,0,20221202,20231209
287,0,0,0,0,0,1,0,20221202,20231209
288,0,0,0,0,0,1,0,20221202,20231209
289,1,1,1,1,1,0,0,20221202,20231209
290,0,0,0,0,0,0,0,20221202,20231209
291,1,1,1,1,1,0,0,20221202,20231209
292,0,0,0,0,0,1,0,20221202,20231209
293,0,0,0,0,0,0,0,20221202,20231209
294,0,1,1,0,1,0,0,20221202,20231209
295,0,0,0,0,0,0,0,20221202,20231209
296,1,1,1,1,1,0,0,20221202,20231209
297,0,0,0,0,1,1,0,20221202,20231209
298,0,0,0,0,1,0,0,20221202,20231209
299,0,0,0,0,0,1,1,20221202,20231209
300,0,0,0,0,0,0,0,20221202,20231209
301,1,1,1,1,1,1,1,20221202,20231209
302,1,1,1,1,1,0,1,20221202,20231209
303,1,1,1,1,1,1,0,20221202,20231209
304,0,0,0,0,0,0,1,20221202,20231209
305,0,0,0,0,0,1,1,20221202,20231209
306,1,1,1,1,1,1,0,20221202,20231209
307,0,0,0,0,0,0,1,20221202,20231209
308,0,0,1,1,0,0,0,20221202,20231209
309,0,0,0,0,0,0,0,20221202,20231209
310,0,0,0,0,0,0,0,20221202,20231209
311,0,0,0,0,0,0,0,20221202,20231209
312,0,0,0,0,0,0,0,20221202,20231209
313,1,1,1,1,0,0,1,20221202,20231209
314,0,0,0,0,1,1,0,20221202,20231209
315,0,0,0,0,1,1,0,20221202,20231209
316,0,0,0,0,0,0,1,20221202,20231209
317,0,0,0,0,0,1,0,20221202,20231209
318,0,0,0,0,1,0,0,20221202,20231209
319,1,1,1,1,1,0,1,20221202,20231209
320,0,0,0,0,1,0,0,20221202,20231209
321,0,0,0,0,0,1,0,20221202,20231209
322,0,0,0,0,0,0,0,20221202,20231209
323,0,0,0,0,0,1,1,20221202,20231209
324,1,0,1,1,0,0,0,20221202,20231209
325,0,0,0,0,0,1,1,20221202,20231209
326,0,0,0,0,0,1,1,20221202,20231209
327,1,1,1,1,1,1,0,20221202,20231209
328,0,0,0,0,0,0,0,20221202,20231209
329,1,1,1,1,1,0,0,20221202,20231209
330,0,0,0,0,0,0,0,20221202,20231209
331,1,1,1,1,1,0,0,20221202,20231209
332,0,0,0,0,0,0,0,20221202,20231209
333,1,1,1,1,1,0,0,20221202,20231209
334,0,0,0,0,0,0,0,20221202,20231209
335,0,0,0,0,0,0,0,20221202,20231209
336,0,0,0,0,0,0,0,20221202,20231209
337,0,0,0,0,0,0,0,20221202,20231209
338,0,0,0,0,0,0,0,20221202,20231209
339,0,0,0,0,0,0,0,20221202,20231209
340,0,0,0,0,0,0,0,20221202,20231209
341,1,0,1,0,1,0,0,20221202,20231209
342,0,0,0,0,0,0,0,20221202,20231209
343,1,1,1,1,1,0,0,20221202,20231209
344,1,1,1,1,0,0,0,20221202,20231209
345,0,0,0,0,0,0,0,20221202,20231209
346,0,0,0,0,0,0,0,20221202,20231209
347,0,0,0,0,0,0,0,20221202,20231209
348,0,0,0,0,0,0,0,20221202,20231209
349,0,0,0,0,1,0,0,20221202,20231209
350,0,1,1,1,0,0,0,20221202,20231209
351,1,1,1,1,0,0,0,20221202,20231209
352,0,0,0,0,0,0,0,20221202,20231209
353,1,1,1,1,1,0,0,20221202,20231209
354,1,1,1,1,1,0,0,20221202,20231209
355,0,0,0,0,0,0,0,20221202,20231209
356,0,0,0,0,0,0,0,20221202,20231209
357,0,0,0,0,0,1,0,20221202,20231209
358,0,0,0,0,0,0,0,20221202,20231209
359,0,0,0,0,0,0,0,20221202,20231209
360,0,0,0,0,0,0,0,20221202,20231209
361,1,0,1,1,1,0,0,20221202,20231209
362,0,0,0,0,0,0,0,20221202,20231209
363,0,0,0,0,0,0,0,20221202,20231209
364,0,0,0,0,0,0,0,20221202,20231209
365,0,0,0,0,0,0,0,20221202,20231209
366,0,0,0,0,0,0,0,20221202,20231209
367,0,0,0,0,0,0,0,20221202,20231209
368,0,0,0,0,0,0,0,20221202,20231209
369,0,0,0,0,0,0,0,20221202,20231209
370,0,0,0,0,0,1,1,20221202,20231209
371,1,1,1,1,1,0,1,20221202,20231209
372,0,0,0,0,0,0,0,20221202,20231209
373,0,0,0,0,0,0,0,20221202,20231209
374,0,1,1,1,1,0,0,20221202,20231209
375,1,0,0,0,0,0,0,20221202,20231209
376,0,0,0,0,0,0,0,20221202,20231209
377,0,0,0,0,0,1,0,20221202,20231209
378,0,0,0,0,0,0,0,20221202,20231209
379,0,0,0,0,0,0,0,20221202,20231209
380,1,1,1,1,1,0,0,20221202,20231209
381,0,0,0,0,0,0,0,20221202,20231209
382,0,0,0,0,0,0,0,20221202,20231209
383,1,1,1,1,1,1,0,20221202,20231209
384,1,1,1,1,1,0,0,20221202,20231209
385,1,1,1,1,1,0,0,20221202,20231209
386,1,1,1,1,1,0,1,20221202,20231209
387,1,1,1,1,1,0,0,20221202,20231209
388,0,0,0,0,0,0,0,20221202,20231209
389,0,0,0,0,0,0,0,20221202,20231209
390,1,1,1,1,1,0,0,20221202,20231209
391,0,0,0,0,0,0,1,20221202,20231209
392,0,0,0,0,0,0,0,20221202,20231209
393,0,0,0,0,0,1,0,20221202,20231209
394,0,0,0,0,0,0,0,20221202,20231209
395,0,0,0,0,0,0,0,20221202,20231209
396,1,0,1,0,1,1,0,20221202,20231209
397,0,1,0,1,0,0,1,20221202,20231209
398,0,0,0,0,0,0,0,20221202,20231209
399,0,0,0,0,0,0,0,20221202,20231209
400,0,0,0,0,0,0,0,20221202,20231209
401,0,0,0,0,0,0,0,20221202,20231209
402,0,0,0,0,0,0,0,20221202,20231209
403,0,0,0,0,0,0,0,20221202,20231209
404,0,0,0,0,0,0,0,20221202,20231209
405,1,1,1,1,1,1,0,20221202,20231209
406,1,1,1,1,1,1,1,20221202,20231209
407,1,1,1,1,1,1,1,20221202,20231209
408,1,1,1,1,1,1,1,20221202,20231209
409,0,0,0,0,0,1,1,20221202,20231209
410,1,1,1,1,1,1,0,20221202,20231209
411,0,0,0,0,0,0,1,20221202,20231209
412,1,1,1,1,1,0,1,20221202,20231209
413,0,0,0,0,0,1,0,20221202,20231209
414,1,1,1,1,1,1,1,20221202,20231209
415,0,0,0,0,0,0,0,20221202,20231209
416,1,1,1,1,0,0,1,20221202,20231209
417,0,0,0,0,0,0,0,20221202,20231209
418,1,1,1,1,1,0,0,20221202,20231209
419,0,0,0,0,0,0,0,20221202,20231209
420,1,1,1,1,1,1,0,20221202,20231209
421,0,0,0,0,0,1,1,20221202,20231209
422,1,1,1,1,1,0,0,20221202,20231209
423,0,0,0,0,0,0,0,20221202,20231209
424,0,0,0,0,0,0,0,20221202,20231209
425,0,0,0,0,0,0,0,20221202,20231209
426,0,0,0,0,0,0,0,20221202,20231209
427,0,0,0,0,0,0,0,20221202,20231209
428,0,0,0,0,0,0,0,20221202,20231209
429,1,1,1,1,1,1,1,20221202,20231209
430,0,0,0,0,0,0,0,20221202,20231209
431,0,0,0,0,0,0,0,20221202,20231209
432,0,0,0,0,0,0,0,20221202,20231209
433,0,0,0,0,0,0,0,20221202,20231209
434,0,0,0,0,1,0,0,20221202,20231209
435,0,0,0,0,0,0,0,20221202,20231209
436,0,0,0,0,0,0,0,20221202,20231209
437,0,0,0,0,0,0,0,20221202,20231209
438,0,0,0,0,0,0,0,20221202,20231209
439,1,1,1,1,1,1,1,20221202,20231209
440,0,0,0,0,0,0,0,20221202,20231209
441,0,0,0,0,1,1,1,20221202,20231209
442,0,0,0,0,0,0,0,20221202,20231209
443,0,0,0,0,0,0,0,20221202,20231209
444,1,1,1,1,1,1,1,20221202,20231209
445,1,1,1,1,1,1,0,20221202,20231209
446,0,0,0,0,0,0,0,20221202,20231209
447,0,0,0,0,0,0,0,20221202,20231209
448,0,0,0,0,0,0,0,20221202,20231209
449,0,0,0,0,0,0,0,20221202,20231209
450,1,1,1,1,1,1,0,20221202,20231209
451,0,0,0,0,0,0,0,20221202,20231209
452,0,0,0,0,0,0,0,20221202,20231209
453,0,0,0,0,0,0,0,20221202,20231209
454,0,0,0,0,0,0,0,20221202,20231209
455,0,0,0,0,0,0,0,20221202,20231209
456,0,0,0,0,0,0,0,20221202,20231209
457,1,1,1,1,1,1,0,20221202,20231209
458,0,0,0,0,0,0,0,20221202,20231209
459,0,0,0,0,0,0,0,20221202,20231209
460,0,0,0,0,0,0,0,20221202,20231209
461,0,0,0,0,0,0,0,20221202,20231209
462,0,0,0,0,0,0,0,20221202,20231209
463,0,0,0,0,0,0,0,20221202,20231209
464,0,0,0,0,0,0,0,20221202,20231209
465,0,0,0,0,0,0,0,20221202,20231209
466,0,0,0,0,0,0,0,20221202,20231209
467,1,1,0,1,1,1,1,20221202,20231209
468,0,0,0,0,1,1,0,20221202,20231209
469,1,1,1,1,0,0,1,20221202,20231209
470,1,1,1,1,1,0,0,20221202,20231209
471,1,1,1,1,0,0,0,20221202,20231209
472,0,0,0,0,0,1,1,20221202,20231209
473,1,1,1,1,1,0,0,20221202,20231209
474,0,0,0,0,0,0,1,20221202,20231209
475,1,1,1,1,0,1,1,20221202,20231209
476,1,1,1,1,0,0,1,20221202,20231209
477,0,0,0,0,0,1,0,20221202,20231209
478,0,0,0,0,1,0,0,20221202,20231209
479,0,0,0,0,0,1,1,20221202,20231209
480,0,0,0,0,0,0,0,20221202,20231209
481,0,0,0,0,0,0,0,20221202,20231209
482,0,0,0,0,0,0,0,20221202,20231209
483,0,0,0,0,0,0,0,20221202,20231209
484,0,0,0,0,0,0,0,20221202,20231209
485,0,1,0,0,0,1,1,20221202,20231209
486,1,1,1,1,1,1,1,20221202,20231209
487,1,1,1,1,1,1,1,20221202,20231209
488,1,1,1,1,0,1,1,20221202,20231209
489,0,0,0,0,0,1,1,20221202,20231209
490,0,0,0,0,0,0,0,20221202,20231209
491,0,0,0,0,0,0,0,20221202,20231209
492,0,0,0,0,0,0,0,20221202,20231209
493,0,0,0,0,0,0,0,20221202,20231209
494,0,0,0,0,0,0,0,20221202,20231209
495,0,0,0,0,0,0,0,20221202,20231209
496,0,0,0,0,0,0,0,20221202,20231209
497,0,0,0,0,0,0,0,20221202,20231209
498,0,0,0,0,0,0,0,20221202,20231209
499,1,1,1,1,1,0,0,20221202,20231209
500,1,1,1,1,1,1,0,20221202,20231209
501,0,0,0,0,0,0,0,20221202,20231209
502,0,0,0,0,0,0,0,20221202,20231209
503,0,0,0,0,0,0,0,20221202,20231209
504,0,0,0,0,0,0,0,20221202,20231209
505,0,0,0,0,0,0,0,20221202,20231209
506,0,0,0,0,0,0,0,20221202,20231209
507,0,0,0,0,0,0,0,20221202,20231209
508,0,0,0,0,0,0,0,20221202,20231209
509,0,0,0,0,0,0,0,20221202,20231209
510,0,0,0,0,0,0,0,20221202,20231209
511,0,0,0,0,0,1,1,20221202,20231209
512,0,0,0,0,0,0,0,20221202,20231209
513,0,0,0,0,0,0,0,20221202,20231209
514,0,0,0,0,0,0,0,20221202,20231209
515,0,0,0,0,0,0,0,20221202,20231209
516,1,1,1,1,1,0,0,20221202,20231209
517,0,0,0,0,0,0,0,20221202,20231209
518,0,0,0,0,0,1,1,20221202,20231209
519,0,0,0,0,0,0,0,20221202,20231209
520,0,0,0,0,0,0,0,20221202,20231209
521,0,0,0,0,1,0,0,20221202,20231209
522,1,1,1,1,0,0,0,20221202,20231209
523,0,0,0,0,0,0,0,20221202,20231209
524,0,0,0,0,0,0,0,20221202,20231209
525,0,0,0,0,0,0,0,20221202,20231209
526,0,0,0,0,0,1,1,20221202,20231209
527,0,0,0,0,0,0,0,20221202,20231209
528,0,0,0,0,0,0,0,20221202,20231209
529,0,0,0,0,0,1,1,20221202,20231209
530,1,1,1,1,1,1,0,20221202,20231209
531,1,1,1,1,1,1,0,20221202,20231209
532,0,0,0,0,0,0,1,20221202,20231209
533,1,1,1,1,1,1,1,20221202,20231209
534,1,1,1,1,1,1,1,20221202,20231209
535,0,0,0,0,0,0,0,20221202,20231209
536,0,0,0,0,0,0,0,20221202,20231209
537,0,0,0,0,0,0,0,20221202,20231209
538,0,0,0,0,0,0,0,20221202,20231209
539,0,0,0,0,0,0,0,20221202,20231209
540,1,1,1,1,1,1,1,20221202,20231209
541,0,0,0,0,0,0,0,20221202,20231209
542,1,1,1,1,1,1,1,20221202,20231209
543,0,0,0,0,0,1,1,20221202,20231209
544,0,0,0,0,0,1,1,20221202,20231209
545,1,1,1,1,1,1,1,20221202,20231209
546,1,1,1,1,1,0,0,20221202,20231209
547,0,0,0,0,0,0,0,20221202,20231209
548,0,0,0,0,0,0,0,20221202,20231209
549,0,0,0,0,0,0,0,20221202,20231209
550,0,0,0,0,0,0,0,20221202,20231209
551,0,0,0,0,0,0,0,20221202,20231209
552,0,0,0,0,1,1,0,20221202,20231209
553,0,0,0,0,0,0,0,20221202,20231209
554,0,0,0,0,0,0,0,20221202,20231209
555,0,0,0,0,0,0,0,20221202,20231209
556,1,1,1,1,1,1,1,20221202,20231209
557,0,0,0,0,0,1,0,20221202,20231209
558,1,1,1,1,1,1,1,20221202,20231209
559,1,1,1,1,1,1,1,20221202,20231209
560,0,0,0,0,0,0,0,20221202,20231209
561,1,1,1,1,1,1,1,20221202,20231209
562,0,0,0,0,0,0,0,20221202,20231209
563,0,0,0,0,0,0,0,20221202,20231209
564,0,0,0,0,1,0,0,20221202,20231209
565,0,0,0,0,0,1,0,20221202,20231209
566,0,0,0,0,0,0,1,20221202,20231209
567,0,0,0,0,0,0,0,20221202,20231209
568,0,0,0,0,0,0,0,20221202,20231209
569,0,0,0,0,1,1,0,20221202,20231209
570,1,1,1,1,0,0,1,20221202,20231209
571,1,1,1,1,0,0,0,20221202,20231209
572,0,0,0,0,0,1,0,20221202,20231209
573,0,0,0,0,0,0,0,20221202,20231209
574,0,0,0,0,0,0,1,20221202,20231209
575,0,0,0,0,0,1,0,20221202,20231209
576,0,0,0,0,1,0,1,20221202,20231209
577,1,1,1,1,1,0,0,20221202,20231209
578,1,0,0,0,0,0,0,20221202,20231209
579,0,0,0,0,0,0,0,20221202,20231209
580,1,1,1,1,1,1,1,20221202,20231209
581,0,0,0,0,0,0,0,20221202,20231209
582,1,1,1,1,1,1,1,20221202,20231209
583,1,1,1,1,1,0,0,20221202,20231209
584,0,1,1,1,1,1,1,20221202,20231209
585,0,0,0,0,0,1,1,20221202,20231209
586,0,0,0,0,0,0,0,20221202,20231209
587,0,0,0,0,0,1,1,20221202,20231209
588,0,0,0,0,0,0,0,20221202,20231209
589,0,0,0,0,0,0,0,20221202,20231209
590,0,0,0,0,0,1,0,20221202,20231209
591,1,1,1,1,1,0,1,20221202,20231209
592,0,1,1,1,1,0,1,20221202,20231209
593,1,1,1,1,1,1,1,20221202,20231209
594,1,1,1,1,0,1,1,20221202,20231209
595,0,0,0,0,1,1,1,20221202,20231209
596,0,0,0,0,1,0,0,20221202,20231209
597,0,0,0,0,0,0,0,20221202,20231209
598,0,0,0,0,0,0,0,20221202,20231209
599,0,0,0,0,0,0,0,20221202,20231209
600,0,0,0,0,0,1,1,20221202,20231209
601,0,0,0,0,0,1,0,20221202,20231209
602,1,1,1,1,1,0,0,20221202,20231209
603,0,0,0,0,0,0,0,20221202,20231209
604,1,1,1,1,1,0,0,20221202,20231209
605,0,0,0,0,0,0,0,20221202,20231209
606,1,1,1,1,0,1,1,20221202,20231209
607,0,0,0,0,1,0,0,20221202,20231209
608,0,0,0,0,0,1,1,20221202,20231209
609,1,1,1,1,1,1,1,20221202,20231209
610,0,0,0,0,0,0,0,20221202,20231209
611,0,0,0,0,0,0,0,20221202,20231209
612,1,1,1,1,1,1,0,20221202,20231209
613,0,0,0,0,0,1,0,20221202,20231209
614,0,0,0,0,0,1,1,20221202,20231209
615,0,0,0,0,0,0,0,20221202,20231209
616,1,1,1,1,1,0,0,20221202,20231209
617,1,1,1,1,1,1,1,20221202,20231209
618,1,1,1,1,1,1,1,20221202,20231209
619,0,0,0,0,0,0,0,20221202,20231209
620,1,1,1,1,1,1,1,20221202,20231209
621,0,0,0,0,0,0,0,20221202,20231209
622,0,0,0,0,1,1,0,20221202,20231209
623,0,0,0,0,0,1,1,20221202,20231209
624,0,0,0,0,0,0,0,20221202,20231209
625,1,1,1,1,1,1,1,20221202,20231209
626,0,0,0,0,0,0,0,20221202,20231209
627,0,0,0,0,0,0,0,20221202,20231209
628,1,1,1,1,1,1,1,20221202,20231209
629,0,0,0,0,0,0,0,20221202,20231209
630,1,1,1,1,1,1,0,20221202,20231209
631,0,0,0,0,0,0,0,20221202,20231209
632,1,1,1,1,1,0,0,20221202,20231209
633,0,0,0,0,0,0,0,20221202,20231209
634,0,0,0,0,0,0,0,20221202,20231209
635,1,1,1,1,1,1,0,20221202,20231209
636,0,0,0,0,0,0,0,20221202,20231209
637,1,1,1,1,1,1,1,20221202,20231209
638,1,1,1,1,1,1,1,20221202,20231209
639,1,1,1,1,1,1,0,20221202,20231209
640,1,1,1,1,1,1,1,20221202,20231209
641,1,1,1,1,1,1,1,20221202,20231209
642,1,1,1,1,1,1,1,20221202,20231209
643,1,1,1,1,1,1,1,20221202,20231209
644,1,1,1,1,1,1,1,20221202,20231209
645,1,1,1,1,1,1,1,20221202,20231209
646,1,1,1,1,1,1,1,20221202,20231209
647,0,0,0,0,0,0,0,20221202,20231209
648,1,1,1,1,1,0,0,20221202,20231209
649,0,0,0,0,0,1,1,20221202,20231209
650,0,0,0,0,0,0,0,20221202,20231209
651,0,1,1,1,1,0,0,20221202,20231209
652,0,0,0,0,0,0,0,20221202,20231209
653,0,0,0,0,0,1,1,20221202,20231209
654,1,1,1,1,1,0,0,20221202,20231209
655,0,0,0,0,0,1,1,20221202,20231209
656,1,1,1,1,1,1,1,20221202,20231209
657,1,1,1,1,1,0,0,20221202,20231209
658,1,1,1,1,1,0,0,20221202,20231209
659,1,1,1,1,1,0,0,20221202,20231209
660,1,1,1,1,1,1,0,20221202,20231209
661,0,0,0,0,0,0,0,20221202,20231209
662,0,0,0,0,0,0,1,20221202,20231209
663,0,0,0,0,0,0,0,20221202,20231209
664,0,0,0,0,0,0,0,20221202,20231209
665,1,1,1,1,1,0,0,20221202,20231209
666,0,0,0,0,1,0,0,20221202,20231209
667,1,1,1,1,0,1,1,20221202,20231209
668,1,1,1,1,0,1,0,20221202,20231209
669,0,0,0,0,0,0,0,20221202,20231209
670,1,1,1,1,0,1,0,20221202,20231209
671,0,0,0,0,1,0,0,20221202,20231209
672,1,1,1,1,0,0,0,20221202,20231209
673,0,0,0,0,0,0,1,20221202,20231209
674,1,1,1,1,1,0,0,20221202,20231209
675,1,1,1,1,1,1,1,20221202,20231209
676,0,0,0,0,0,0,0,20221202,20231209
677,1,1,1,1,1,1,1,20221202,20231209
678,1,1,1,1,1,1,0,20221202,20231209
679,1,1,1,1,1,1,1,20221202,20231209
680,0,0,0,0,0,0,0,20221202,20231209
681,1,1,1,1,1,1,0,20221202,20231209
682,0,0,0,0,0,0,1,20221202,20231209
683,0,0,0,0,0,0,1,20221202,20231209
684,0,0,0,0,0,0,1,20221202,20231209
685,0,0,0,0,1,1,0,20221202,20231209
686,1,1,1,1,0,0,0,20221202,20231209
687,0,0,0,0,0,0,0,20221202,20231209
688,0,0,0,0,0,0,0,20221202,20231209
689,0,0,0,0,1,1,0,20221202,20231209
690,0,0,0,0,0,0,1,20221202,20231209
691,0,0,0,0,0,0,0,20221202,20231209
692,0,0,0,0,1,1,0,20221202,20231209
693,0,0,0,0,0,0,0,20221202,20231209
694,0,0,0,0,0,0,0,20221202,20231209
695,0,0,0,0,0,0,0,20221202,20231209
696,0,0,0,0,0,0,0,20221202,20231209
697,0,0,0,0,0,0,0,20221202,20231209
698,0,0,0,0,0,0,0,20221202,20231209
699,0,0,0,0,0,0,0,20221202,20231209
700,0,0,0,0,0,1,1,20221202,20231209
701,0,0,0,0,0,0,1,20221202,20231209
702,1,1,1,1,1,1,1,20221202,20231209
703,1,1,1,1,1,0,1,20221202,20231209
704,1,1,1,1,0,0,1,20221202,20231209
705,0,0,0,0,1,1,0,20221202,20231209
706,0,0,0,0,0,0,0,20221202,20231209
707,0,0,0,0,0,0,0,20221202,20231209
708,0,0,0,0,0,0,0,20221202,20231209
709,0,0,0,0,0,0,0,20221202,20231209
710,0,0,0,0,0,1,1,20221202,20231209
711,0,0,0,0,0,0,1,20221202,20231209
712,0,0,0,0,0,1,1,20221202,20231209
713,0,0,0,0,0,1,1,20221202,20231209
714,0,0,0,0,0,0,0,20221202,20231209
715,0,0,0,0,1,1,0,20221202,20231209
716,0,0,0,0,0,0,1,20221202,20231209
717,0,0,0,0,0,1,1,20221202,20231209
718,1,1,1,1,1,1,1,20221202,20231209
719,0,0,0,0,0,0,0,20221202,20231209
720,0,0,0,0,0,1,0,20221202,20231209
721,0,0,0,0,0,1,1,20221202,20231209
722,0,0,0,0,0,1,1,20221202,20231209
723,1,1,1,1,1,1,1,20221202,20231209
724,1,1,1,1,1,1,0,20221202,20231209
725,0,0,0,0,0,0,0,20221202,20231209
726,0,0,0,0,0,0,0,20221202,20231209
727,0,0,0,0,0,1,1,20221202,20231209
728,0,0,0,0,0,1,1,20221202,20231209
729,0,0,0,0,0,0,0,20221202,20231209
730,0,0,0,0,0,0,0,20221202,20231209
731,1,1,1,1,1,1,0,20221202,20231209
732,0,0,0,0,1,1,0,20221202,20231209
733,1,1,1,1,1,0,1,20221202,20231209
734,1,1,1,1,1,0,1,20221202,20231209
735,0,0,0,0,0,1,0,20221202,20231209
736,0,0,0,0,0,0,0,20221202,20231209
737,0,0,0,0,0,0,0,20221202,20231209
738,0,0,0,0,0,0,0,20221202,20231209
739,0,0,0,0,0,0,0,20221202,20231209
740,0,0,0,0,0,0,0,20221202,20231209
741,1,1,1,1,1,0,0,20221202,20231209
742,1,1,1,1,1,1,1,20221202,20231209
743,0,0,0,0,0,0,1,20221202,20231209
744,0,0,0,0,1,1,0,20221202,20231209
745,0,0,0,0,0,0,0,20221202,20231209
746,0,0,0,0,0,0,0,20221202,20231209
747,1,1,1,1,1,1,1,20221202,20231209
748,1,1,1,1,1,1,0,20221202,20231209
749,1,1,1,1,1,1,1,20221202,20231209
750,1,1,1,1,1,0,0,20221202,20231209
751,0,0,0,0,0,1,0,20221202,20231209
752,1,1,1,1,1,0,0,20221202,20231209
753,0,0,0,0,1,0,0,20221202,20231209
754,1,1,1,1,1,1,1,20221202,20231209
755,0,0,0,0,0,1,1,20221202,20231209
756,1,1,1,1,1,0,1,20221202,20231209
757,1,1,1,1,1,1,0,20221202,20231209
758,0,0,0,0,0,1,0,20221202,20231209
759,0,0,0,0,0,1,0,20221202,20231209
760,0,0,0,0,0,1,0,20221202,20231209
761,0,0,0,0,0,1,1,20221202,20231209
762,0,0,0,0,0,1,0,20221202,20231209
763,1,1,1,1,1,0,0,20221202,20231209
764,0,0,0,0,0,0,0,20221202,20231209
765,0,0,0,0,0,0,0,20221202,20231209
766,0,0,0,0,0,0,0,20221202,20231209
767,0,0,0,0,0,0,0,20221202,20231209
768,0,0,0,0,0,0,0,20221202,20231209
769,0,0,0,0,0,0,0,20221202,20231209
770,1,1,1,1,1,1,0,20221202,20231209
771,1,1,1,1,1,0,1,20221202,20231209
772,0,0,0,1,0,0,0,20221202,20231209
773,1,1,1,1,1,0,0,20221202,20231209
774,1,1,1,1,1,0,0,20221202,20231209
775,0,0,0,0,1,0,0,20221202,20231209
776,1,1,1,1,1,0,0,20221202,20231209
777,0,0,0,0,1,0,0,20221202,20231209
778,0,0,0,0,0,0,0,20221202,20231209
779,1,1,1,1,1,0,0,20221202,20231209
780,1,1,1,0,1,0,0,20221202,20231209
781,0,0,1,0,1,0,0,20221202,20231209
782,1,1,1,1,0,0,0,20221202,20231209
783,1,1,1,1,0,0,0,20221202,20231209
784,1,1,1,1,0,0,0,20221202,20231209
785,0,0,0,0,0,0,0,20221202,20231209
786,0,0,0,1,0,0,0,20221202,20231209
787,1,1,0,1,0,0,0,20221202,20231209
788,0,0,1,0,1,0,0,20221202,20231209
789,1,1,1,1,1,0,0,20221202,20231209
790,1,1,1,1,1,0,0,20221202,20231209
791,0,1,0,0,1,0,0,20221202,20231209
792,0,0,0,0,1,0,0,20221202,20231209
793,0,0,0,0,1,0,0,20221202,20231209
794,0,0,0,0,0,0,0,20221202,20231209
795,1,0,1,1,0,0,0,20221202,20231209
796,0,0,1,0,0,0,0,20221202,20231209
797,1,1,1,1,1,0,0,20221202,20231209
798,0,0,0,0,0,0,0,20221202,20231209
799,1,1,1,1,0,0,0,20221202,20231209
800,0,0,1,0,0,0,0,20221202,20231209
801,0,0,0,0,0,0,0,20221202,20231209
802,0,0,0,0,1,0,0,20221202,20231209
803,0,0,0,0,0,0,0,20221202,20231209
804,0,0,0,1,0,0,0,20221202,20231209
805,0,0,1,0,0,0,0,20221202,20231209
806,0,0,0,0,0,0,0,20221202,20231209
807,0,1,0,0,0,0,0,20221202,20231209
808,0,0,0,0,0,0,0,20221202,20231209
809,1,0,0,0,0,0,0,20221202,20231209
810,0,0,1,0,0,0,0,20221202,20231209
811,0,0,1,0,0,0,0,20221202,20231209
812,1,1,1,1,1,0,0,20221202,20231209
813,0,0,0,0,1,0,0,20221202,20231209
814,1,1,1,1,0,0,0,20221202,20231209
815,0,0,0,0,1,0,0,20221202,20231209
816,0,1,0,0,0,0,0,20221202,20231209
817,0,0,0,1,0,0,0,20221202,20231209
818,0,0,1,0,0,0,0,20221202,20231209
819,0,1,0,0,0,0,0,20221202,20231209
820,1,0,0,0,0,0,0,20221202,20231209
821,0,0,0,0,0,0,0,20221202,20231209
822,0,0,0,0,0,0,0,20221202,20231209
823,1,1,1,1,1,0,0,20221202,20231209
824,0,0,0,0,0,0,0,20221202,20231209
825,1,1,1,1,1,0,0,20221202,20231209
826,1,1,1,1,1,0,0,20221202,20231209
827,1,1,0,1,1,0,0,20221202,20231209
828,1,1,1,1,1,0,0,20221202,20231209
829,0,0,0,0,0,0,0,20221202,20231209
830,1,1,0,1,1,0,0,20221202,20231209
831,1,1,1,1,1,0,0,20221202,20231209
832,1,1,1,1,0,0,0,20221202,20231209
833,0,0,0,0,1,0,0,20221202,20231209
834,0,0,0,0,0,0,0,20221202,20231209
835,1,1,0,1,1,0,0,20221202,20231209
836,1,1,1,1,1,0,0,20221202,20231209
837,1,1,1,1,1,0,0,20221202,20231209
838,1,1,1,1,1,0,0,20221202,20231209
839,1,1,1,1,1,0,0,20221202,20231209
840,1,1,1,1,1,1,0,20221202,20231209
841,0,0,0,0,0,0,0,20221202,20231209
842,0,0,0,0,0,0,0,20221202,20231209
843,0,0,0,0,1,0,0,20221202,20231209
844,0,0,0,0,1,0,0,20221202,20231209
845,0,0,0,0,1,1,1,20221202,20231209
846,0,0,0,0,1,1,0,20221202,20231209
847,0,0,0,0,1,0,0,20221202,20231209
848,0,0,0,0,0,1,0,20221202,20231209
849,0,0,0,0,1,1,0,20221202,20231209
850,1,1,1,1,0,0,1,20221202,20231209
851,0,0,0,0,0,0,0,20221202,20231209
852,0,0,0,0,0,0,0,20221202,20231209
853,1,1,0,0,0,0,0,20221202,20231209
854,0,0,0,0,0,0,0,20221202,20231209
855,1,1,0,0,0,0,0,20221202,20231209
856,0,0,0,0,0,0,1,20221202,20231209
857,0,0,1,1,1,1,0,20221202,20231209
858,0,0,0,0,0,0,1,20221202,20231209
859,0,0,1,1,1,1,0,20221202,20231209
860,1,1,0,0,0,0,0,20221202,20231209
861,1,1,0,0,0,0,0,20221202,20231209
862,1,1,0,0,0,0,0,20221202,20231209
863,0,0,0,0,0,0,0,20221202,20231209
864,0,0,0,0,0,0,0,20221202,20231209
865,0,0,0,0,0,0,0,20221202,20231209
866,1,1,1,1,1,0,0,20221202,20231209
867,0,0,0,0,0,0,1,20221202,20231209
868,0,0,0,0,0,1,1,20221202,20231209
869,1,1,1,1,1,1,0,20221202,20231209
870,1,1,1,1,1,1,1,20221202,20231209
871,1,1,1,1,1,1,1,20221202,20231209
872,0,0,0,0,1,0,0,20221202,20231209
873,0,0,0,0,0,0,0,20221202,20231209
874,0,0,0,0,1,0,0,20221202,20231209
875,0,0,0,0,0,0,0,20221202,20231209
876,0,0,0,0,0,0,0,20221202,20231209
877,1,1,1,0,0,0,0,20221202,20231209
878,0,0,0,1,1,0,0,20221202,20231209
879,1,1,1,0,1,0,0,20221202,20231209
880,1,1,1,0,0,0,0,20221202,20231209
881,1,1,0,1,0,0,0,20221202,20231209
882,0,0,0,0,0,0,0,20221202,20231209
883,1,1,0,1,0,0,0,20221202,20231209
884,0,0,1,0,1,0,0,20221202,20231209
885,1,1,1,1,1,0,0,20221202,20231209
886,0,0,0,0,0,0,0,20221202,20231209
887,1,1,1,1,1,1,0,20221202,20231209
888,0,0,0,0,0,1,0,20221202,20231209
889,1,1,1,1,1,0,0,20221202,20231209
890,0,0,0,0,0,0,0,20221202,20231209
891,0,0,0,0,0,0,0,20221202,20231209
892,0,0,0,0,0,0,0,20221202,20231209
893,1,1,1,1,1,1,0,20221202,20231209
894,0,0,0,0,0,1,0,20221202,20231209
895,1,1,1,1,0,0,1,20221202,20231209
896,0,0,0,0,1,0,0,20221202,20231209
897,0,0,0,0,0,1,0,20221202,20231209
898,0,0,0,0,0,1,0,20221202,20231209
899,1,1,1,1,1,0,0,20221202,20231209
900,1,1,1,1,1,0,0,20221202,20231209
901,0,0,0,0,0,0,0,20221202,20231209
902,0,0,0,0,0,1,0,20221202,20231209
903,0,0,0,0,0,1,1,20221202,20231209
904,0,0,0,0,0,0,0,20221202,20231209
905,1,1,1,1,1,0,0,20221202,20231209
906,0,0,0,0,0,0,0,20221202,20231209
907,0,0,1,1,0,0,0,20221202,20231209
908,0,0,0,0,0,1,0,20221202,20231209
909,0,0,0,0,0,1,1,20221202,20231209
910,0,0,0,0,0,1,0,20221202,20231209
911,0,0,0,0,0,1,0,20221202,20231209
912,0,0,0,0,0,0,0,20221202,20231209
913,1,1,1,1,1,0,0,20221202,20231209
914,0,0,0,0,1,0,0,20221202,20231209
915,0,0,1,1,0,0,0,20221202,20231209
916,1,1,1,1,0,0,0,20221202,20231209
917,1,1,1,1,1,0,0,20221202,20231209
918,1,1,1,1,1,1,1,20221202,20231209
919,1,1,1,1,1,0,0,20221202,20231209
920,0,0,0,0,0,0,0,20221202,20231209
921,0,0,0,0,0,0,0,20221202,20231209
922,0,0,0,0,0,0,0,20221202,20231209
923,0,0,0,0,0,0,0,20221202,20231209
924,1,1,1,1,1,0,0,20221202,20231209
925,0,0,0,0,0,0,0,20221202,20231209
926,0,0,0,0,0,1,0,20221202,20231209
927,0,0,0,0,0,0,0,20221202,20231209
928,0,0,0,0,0,0,0,20221202,20231209
929,0,0,0,0,1,1,0,20221202,20231209
930,1,1,1,1,1,1,1,20221202,20231209
931,1,1,1,1,1,1,0,20221202,20231209
932,0,0,0,0,0,0,0,20221202,20231209
933,0,0,0,0,0,0,1,20221202,20231209
934,1,1,1,1,0,0,0,20221202,20231209
935,0,0,0,0,0,0,0,20221202,20231209
936,0,0,0,0,0,0,0,20221202,20231209
937,0,0,0,0,0,0,0,20221202,20231209
938,0,0,0,0,0,0,0,20221202,20231209
939,0,0,0,0,0,0,0,20221202,20231209
940,0,0,0,0,0,0,0,20221202,20231209
941,0,0,0,0,0,0,0,20221202,20231209
942,0,0,0,0,0,0,0,20221202,20231209
943,0,0,0,0,0,0,0,20221202,20231209
944,0,0,0,0,0,0,0,20221202,20231209
945,0,0,0,0,0,0,0,20221202,20231209
946,0,0,0,0,0,0,0,20221202,20231209
947,0,0,0,0,0,0,0,20221202,20231209
948,0,0,0,0,0,0,0,20221202,20231209
949,1,1,1,1,1,0,0,20221202,20231209
950,0,0,0,0,0,1,0,20221202,20231209
951,0,0,0,0,0,0,1,20221202,20231209
952,1,1,1,1,1,1,1,20221202,20231209
953,0,0,0,0,0,0,0,20221202,20231209
954,0,0,0,0,0,0,0,20221202,20231209
955,1,1,1,1,1,0,1,20221202,20231209
956,1,1,1,1,1,0,1,20221202,20231209
957,0,0,0,0,0,1,0,20221202,20231209
958,0,0,0,0,0,1,1,20221202,20231209
959,1,1,1,1,1,1,0,20221202,20231209
960,0,0,0,0,0,0,1,20221202,20231209
961,1,1,1,1,1,1,1,20221202,20231209
962,0,0,0,0,0,0,0,20221202,20231209
963,0,0,0,0,0,0,0,20221202,20231209
964,0,0,0,0,0,0,0,20221202,20231209
965,0,0,0,0,0,0,0,20221202,20231209
966,1,1,1,1,1,0,0,20221202,20231209
967,0,0,0,0,0,0,1,20221202,20231209
968,0,0,0,0,0,1,0,20221202,20231209
969,1,1,1,1,1,0,0,20221202,20231209
970,0,0,0,0,0,1,0,20221202,20231209
971,0,0,0,0,0,0,1,20221202,20231209
972,0,0,0,0,0,0,0,20221202,20231209
973,0,0,0,0,0,0,0,20221202,20231209
974,0,0,0,0,0,0,0,20221202,20231209
975,1,1,1,1,1,0,0,20221202,20231209
976,1,1,1,1,1,1,1,20221202,20231209
977,0,0,0,0,0,0,0,20221202,20231209
978,1,1,1,1,1,0,0,20221202,20231209
979,0,0,0,0,0,0,0,20221202,20231209
980,0,0,0,0,0,0,0,20221202,20231209
981,0,0,0,0,0,0,0,20221202,20231209
982,0,0,0,0,0,0,1,20221202,20231209
983,1,1,1,1,1,0,0,20221202,20231209
984,0,0,0,0,0,0,0,20221202,20231209
985,0,0,0,0,0,0,0,20221202,20231209
986,0,0,0,0,0,0,0,20221202,20231209
987,1,1,1,1,1,1,0,20221202,20231209
988,0,0,0,0,0,1,0,20221202,20231209
989,0,0,0,0,0,0,0,20221202,20231209
990,0,0,0,0,0,0,1,20221202,20231209
991,0,0,0,0,0,1,0,20221202,20231209
992,0,0,0,0,0,0,1,20221202,20231209
993,1,1,1,1,1,0,0,20221202,20231209
994,0,0,0,0,1,1,0,20221202,20231209
995,1,1,1,1,1,0,0,20221202,20231209
996,0,0,0,0,0,0,0,20221202,20231209
997,0,0,0,0,0,0,0,20221202,20231209
998,0,0,0,0,0,1,0,20221202,20231209
999,0,0,0,0,0,0,1,20221202,20231209
1000,0,0,0,0,0,0,0,20221202,20231209
1001,0,0,0,0,0,1,1,20221202,20231209
1002,0,0,0,0,0,1,1,20221202,20231209
1003,1,1,1,1,1,0,1,20221202,20231209
1004,1,1,1,1,1,1,0,20221202,20231209
1005,0,0,0,0,0,1,0,20221202,20231209
1006,0,0,0,0,0,0,0,20221202,20231209
1007,0,0,0,0,1,0,0,20221202,20231209
1008,0,0,0,0,0,1,0,20221202,20231209
1009,1,1,1,1,1,1,1,20221202,20231209
1010,0,0,0,0,0,1,1,20221202,20231209
1011,0,0,0,0,0,0,1,20221202,20231209
1012,1,1,1,1,1,0,0,20221202,20231209
1013,0,0,0,0,0,1,1,20221202,20231209
1014,1,1,1,1,0,0,1,20221202,20231209
1015,1,1,1,1,1,0,1,20221202,20231209
1016,0,0,0,0,0,0,1,20221202,20231209
1017,0,0,0,0,1,1,0,20221202,20231209
1018,0,0,0,0,0,0,1,20221202,20231209
1019,1,1,1,1,1,0,0,20221202,20231209
1020,0,0,0,0,0,0,0,20221202,20231209
1021,1,1,1,1,1,0,0,20221202,20231209
1022,0,0,0,0,0,0,0,20221202,20231209
1023,0,0,0,0,0,0,0,20221202,20231209
1024,1,1,1,1,1,1,1,20221202,20231209
1025,1,1,1,1,1,0,1,20221202,20231209
1026,0,0,0,0,1,0,0,20221202,20231209
1027,1,1,1,1,1,1,1,20221202,20231209
1028,0,0,0,0,0,0,0,20221202,20231209
1029,1,1,1,1,1,0,0,20221202,20231209
1030,1,1,1,1,1,0,1,20221202,20231209
1031,0,0,0,0,0,0,0,20221202,20231209
1032,0,0,0,0,0,0,0,20221202,20231209
1033,0,0,0,0,0,0,0,20221202,20231209
1034,0,0,0,0,0,0,0,20221202,20231209
1035,0,0,0,0,0,1,0,20221202,20231209
1036,0,0,0,0,0,1,0,20221202,20231209
1037,1,1,1,1,1,0,1,20221202,20231209
1038,0,0,0,0,1,1,0,20221202,20231209
1039,1,1,1,1,1,0,0,20221202,20231209
1040,0,0,0,0,0,0,1,20221202,20231209
1041,0,0,0,0,0,0,0,20221202,20231209
1042,1,1,1,1,1,1,1,20221202,20231209
1043,0,0,0,0,0,0,0,20221202,20231209
1044,0,0,0,0,0,0,0,20221202,20231209
1045,0,0,0,0,0,0,1,20221202,20231209
1046,1,1,1,1,1,1,0,20221202,20231209
1047,1,1,1,1,1,1,0,20221202,20231209
1048,1,1,1,1,1,0,0,20221202,20231209
1049,0,0,0,0,0,1,0,20221202,20231209
1050,0,0,0,0,0,0,1,20221202,20231209
1051,1,1,1,1,1,0,0,20221202,20231209
1052,0,0,0,0,0,1,0,20221202,20231209
1053,0,0,0,0,0,0,1,20221202,20231209
1054,0,0,0,0,0,0,0,20221202,20231209
1055,0,0,0,0,0,0,0,20221202,20231209
1056,0,0,0,0,0,0,0,20221202,20231209
1057,0,0,0,0,0,0,0,20221202,20231209
1058,1,1,1,1,1,0,0,20221202,20231209
1059,0,0,0,0,0,0,0,20221202,20231209
1060,0,0,0,0,0,0,0,20221202,20231209
1061,0,0,0,0,0,0,0,20221202,20231209
1062,0,0,0,0,0,0,0,20221202,20231209
1063,1,1,1,1,1,1,0,20221202,20231209
1064,0,0,0,0,0,0,1,20221202,20231209
1065,0,0,0,0,1,1,0,20221202,20231209
1066,1,1,1,1,0,0,0,20221202,20231209
1067,0,0,0,0,1,1,0,20221202,20231209
1068,0,0,0,0,0,0,0,20221202,20231209
1069,0,0,0,0,0,0,0,20221202,20231209
1070,1,1,1,1,0,0,1,20221202,20231209
1071,0,0,0,0,0,0,0,20221202,20231209
1072,0,0,0,0,0,0,1,20221202,20231209
1073,0,0,0,0,0,0,0,20221202,20231209
1074,0,0,0,0,0,0,0,20221202,20231209
1075,0,0,0,0,0,0,0,20221202,20231209
1076,1,1,1,1,1,1,0,20221202,20231209
1077,0,0,0,0,1,1,0,20221202,20231209
1078,0,0,0,0,1,0,0,20221202,20231209
1079,0,0,0,0,1,1,0,20221202,20231209
1080,1,1,1,1,0,1,0,20221202,20231209
1081,1,1,1,1,0,1,0,20221202,20231209
1082,0,0,0,0,0,1,1,20221202,20231209
1083,0,0,0,0,0,0,0,20221202,20231209
1084,0,0,0,0,0,0,0,20221202,20231209
1085,0,0,0,0,0,0,0,20221202,20231209
1086,0,0,0,0,0,0,1,20221202,20231209
1087,1,1,1,1,1,1,1,20221202,20231209
1088,1,1,1,1,1,1,0,20221202,20231209
1089,0,0,0,0,0,0,0,20221202,20231209
1090,0,0,0,0,1,1,0,20221202,20231209
1091,0,0,0,0,0,1,0,20221202,20231209
1092,1,1,1,1,1,1,1,20221202,20231209
1093,0,0,0,0,0,1,0,20221202,20231209
1094,0,0,0,0,1,1,0,20221202,20231209
1095,0,0,0,0,0,0,0,20221202,20231209
1096,1,1,1,1,1,1,1,20221202,20231209
1097,1,1,1,1,1,0,0,20221202,20231209
1098,0,0,0,0,1,1,0,20221202,20231209
1099,0,0,0,0,1,1,0,20221202,20231209
1100,1,1,1,1,1,1,1,20221202,20231209
1101,1,1,1,1,1,0,0,20221202,20231209
1102,0,0,0,0,0,0,0,20221202,20231209
1103,0,0,0,0,0,0,1,20221202,20231209
1104,0,0,0,0,0,1,0,20221202,20231209
1105,0,0,0,0,0,0,0,20221202,20231209
1106,0,0,0,0,1,1,0,20221202,20231209
1107,0,0,0,0,0,1,0,20221202,20231209
1108,1,1,1,1,0,0,1,20221202,20231209
1109,0,0,0,0,1,1,0,20221202,20231209
1110,1,1,1,1,1,1,0,20221202,20231209
1111,1,1,1,1,0,1,0,20221202,20231209
1112,0,0,0,0,0,0,0,20221202,20231209
1113,1,1,1,1,1,1,1,20221202,20231209
1114,1,1,1,1,1,0,0,20221202,20231209
1115,1,1,1,1,1,1,1,20221202,20231209
1116,0,0,0,0,0,0,0,20221202,20231209
1117,1,1,1,1,1,1,1,20221202,20231209
1118,1,1,1,1,1,1,1,20221202,20231209
1119,1,1,1,1,0,0,0,20221202,20231209
1120,0,0,0,0,1,1,1,20221202,20231209
1121,0,0,0,0,1,1,1,20221202,20231209
1122,1,1,1,1,0,0,0,20221202,20231209
1123,1,1,1,1,1,1,1,20221202,20231209
1124,0,0,0,0,0,0,0,20221202,20231209
1125,1,1,1,1,0,0,1,20221202,20231209
1126,0,0,0,0,1,1,0,20221202,20231209
1127,0,0,0,0,1,1,0,20221202,20231209
1128,0,0,0,0,0,0,0,20221202,20231209
1129,0,0,0,0,0,0,0,20221202,20231209
1130,0,0,0,0,0,0,0,20221202,20231209
1131,0,0,0,0,0,0,0,20221202,20231209
1132,1,1,1,1,1,0,1,20221202,20231209
1133,0,0,0,0,1,1,1,20221202,20231209
1134,1,1,1,1,0,0,1,20221202,20231209
1135,1,1,1,1,1,1,1,20221202,20231209
1136,0,0,0,0,1,0,0,20221202,20231209
1137,0,0,0,0,0,1,0,20221202,20231209
1138,1,1,1,1,1,1,0,20221202,20231209
1139,1,1,1,1,1,1,0,20221202,20231209
1140,1,1,1,1,0,1,0,20221202,20231209
1141,1,1,1,1,0,1,0,20221202,20231209
1142,1,1,1,1,0,1,0,20221202,20231209
1143,0,0,0,0,0,1,0,20221202,20231209
1144,0,0,0,0,0,1,0,20221202,20231209
1145,0,0,0,0,0,0,0,20221202,20231209
1146,0,0,0,0,1,1,0,20221202,20231209
1147,1,1,1,1,0,0,0,20221202,20231209
1148,0,0,0,0,0,0,0,20221202,20231209
1149,0,0,0,0,1,0,0,20221202,20231209
1150,0,0,0,0,0,0,0,20221202,20231209
1151,1,1,1,1,0,0,1,20221202,20231209
1152,1,1,1,1,0,0,0,20221202,20231209
1153,0,0,0,0,1,0,0,20221202,20231209
1154,0,0,0,0,1,0,0,20221202,20231209
1155,0,0,0,0,1,0,1,20221202,20231209
1156,1,1,1,1,0,0,1,20221202,20231209
1157,0,0,0,0,1,1,1,20221202,20231209
1158,0,0,0,0,1,0,1,20221202,20231209
1159,0,0,0,0,1,0,0,20221202,20231209
1160,0,0,0,0,0,1,0,20221202,20231209
1161,0,0,0,0,1,0,0,20221202,20231209
1162,0,0,0,0,0,1,0,20221202,20231209
1163,0,0,0,0,1,1,0,20221202,20231209
1164,1,1,1,1,0,1,1,20221202,20231209
1165,1,1,1,1,0,1,1,20221202,20231209
1166,1,1,1,1,0,1,0,20221202,20231209
1167,1,1,1,1,0,1,0,20221202,20231209
1168,1,1,1,1,0,1,0,20221202,20231209
1169,0,0,0,0,1,1,0,20221202,20231209
1170,0,0,0,0,1,1,0,20221202,20231209
1171,0,0,0,0,1,1,0,20221202,20231209
1172,0,0,0,0,1,1,0,20221202,20231209
1173,0,0,0,0,1,1,0,20221202,20231209
1174,0,0,0,0,1,0,0,20221202,20231209
1175,0,0,0,0,1,1,0,20221202,20231209
1176,0,0,0,0,1,1,1,20221202,20231209
1177,0,0,0,0,0,0,0,20221202,20231209
1178,0,0,0,0,0,1,0,20221202,20231209
1179,0,0,0,0,1,0,0,20221202,20231209
1180,0,0,0,0,0,0,0,20221202,20231209
1181,1,1,1,1,0,0,0,20221202,20231209
1182,0,0,0,0,0,0,1,20221202,20231209
1183,0,0,0,0,0,1,0,20221202,20231209
1184,0,0,0,0,0,0,0,20221202,20231209
1185,0,0,0,0,0,1,0,20221202,20231209
1186,0,0,0,0,0,0,0,20221202,20231209
1187,0,0,0,0,0,1,0,20221202,20231209
1188,0,0,0,0,0,1,0,20221202,20231209
1189,1,1,1,1,0,1,0,20221202,20231209
1190,0,0,0,0,0,1,0,20221202,20231209
1191,0,0,0,0,0,1,0,20221202,20231209
1192,0,0,0,0,1,1,0,20221202,20231209
1193,0,0,0,0,1,0,0,20221202,20231209
1194,0,0,0,0,1,0,0,20221202,20231209
1195,0,0,0,0,0,0,1,20221202,20231209
1196,0,0,0,0,1,0,0,20221202,20231209
1197,1,1,1,1,0,0,0,20221202,20231209
1198,0,0,0,0,1,1,0,20221202,20231209
1199,0,0,0,0,0,0,0,20221202,20231209
1200,0,0,0,0,1,1,0,20221202,20231209
1201,0,0,0,0,0,0,0,20221202,20231209
1202,0,0,0,0,0,1,1,20221202,20231209
1203,1,1,1,1,1,0,0,20221202,20231209
1204,0,0,0,0,0,1,1,20221202,20231209
1205,0,0,0,0,0,1,1,20221202,20231209
1206,1,1,1,1,1,1,1,20221202,20231209
1207,0,0,0,0,0,0,0,20221202,20231209
1208,1,1,1,1,1,1,1,20221202,20231209
1209,0,0,0,0,0,0,0,20221202,20231209
1210,0,0,0,0,0,0,0,20221202,20231209
1211,1,1,1,1,1,1,1,20221202,20231209
1212,1,1,1,1,0,0,1,20221202,20231209
1213,0,0,0,0,1,1,0,20221202,20231209
1214,0,0,0,0,0,0,0,20221202,20231209
1215,0,0,0,0,0,0,0,20221202,20231209
1216,0,0,0,0,0,0,0,20221202,20231209
1217,0,0,0,0,0,0,0,20221202,20231209
1218,0,0,0,0,0,1,1,20221202,20231209
1219,1,1,1,1,1,1,1,20221202,20231209
1220,0,0,0,0,1,0,0,20221202,20231209
1221,0,0,0,0,0,0,0,20221202,20231209
1222,1,1,1,1,1,0,0,20221202,20231209
1223,0,0,0,0,0,0,1,20221202,20231209
1224,0,0,0,0,0,1,0,20221202,20231209
1225,0,0,0,0,0,0,0,20221202,20231209
1226,1,1,1,1,1,0,1,20221202,20231209
1227,0,0,0,0,0,0,0,20221202,20231209
1228,0,0,0,0,0,1,0,20221202,20231209
1229,0,0,0,0,0,0,0,20221202,20231209
1230,0,0,0,0,1,1,1,20221202,20231209
1231,0,0,0,0,0,0,0,20221202,20231209
1232,1,1,1,1,0,1,1,20221202,20231209
1233,0,0,0,0,0,0,0,20221202,20231209
1234,0,0,0,0,0,0,0,20221202,20231209
1235,0,0,0,0,1,1,0,20221202,20231209
1236,0,0,0,0,0,0,0,20221202,20231209
1237,0,0,0,0,1,1,0,20221202,20231209
1238,1,1,1,1,0,0,1,20221202,20231209
1239,1,1,1,1,0,1,1,20221202,20231209
1240,0,0,0,0,1,0,0,20221202,20231209
1241,1,1,1,1,0,1,1,20221202,20231209
1242,0,0,0,0,1,0,0,20221202,20231209
1243,1,1,1,1,0,1,0,20221202,20231209
1244,0,0,0,0,1,0,1,20221202,20231209
1245,0,0,0,0,0,0,0,20221202,20231209
1246,1,1,1,1,0,0,1,20221202,20231209
1247,0,0,0,0,0,0,0,20221202,20231209
1248,0,0,0,0,1,1,1,20221202,20231209
1249,1,1,1,1,0,0,0,20221202,20231209
1250,0,0,0,0,1,0,1,20221202,20231209
1251,0,0,0,0,1,0,0,20221202,20231209
1252,0,0,0,0,1,0,0,20221202,20231209
1253,0,0,0,0,0,0,0,20221202,20231209
1254,1,1,1,1,1,0,0,20221202,20231209
1255,0,0,0,0,0,0,0,20221202,20231209
1256,1,1,1,1,0,0,0,20221202,20231209
1257,0,0,0,0,1,0,0,20221202,20231209
1258,0,0,0,0,0,0,0,20221202,20231209
1259,0,0,0,0,0,0,0,20221202,20231209
1260,1,1,1,1,0,0,0,20221202,20231209
1261,0,0,0,0,1,1,1,20221202,20231209
1262,1,1,1,1,1,1,1,20221202,20231209
1263,0,0,0,0,1,0,0,20221202,20231209
1264,1,1,1,1,1,0,0,20221202,20231209
1265,1,1,1,1,1,1,0,20221202,20231209
1266,1,1,1,1,0,1,0,20221202,20231209
1267,1,1,1,1,1,1,1,20221202,20231209
1268,0,0,0,0,1,1,0,20221202,20231209
1269,0,0,0,0,0,0,0,20221202,20231209
1270,0,0,0,0,0,0,0,20221202,20231209
1271,1,1,1,1,1,1,0,20221202,20231209
1272,1,1,1,1,1,1,1,20221202,20231209
1273,1,1,0,0,0,1,1,20221202,20231209
1274,1,1,1,1,0,1,1,20221202,20231209
1275,1,1,1,1,1,1,1,20221202,20231209
1276,1,1,0,0,0,1,1,20221202,20231209
1277,0,0,1,1,1,0,0,20221202,20231209
1278,1,1,1,1,1,1,1,20221202,20231209
1279,0,0,0,0,0,0,0,20221202,20231209
1280,0,0,0,0,0,0,0,20221202,20231209
1281,0,0,0,0,0,0,0,20221202,20231209
1282,1,1,1,1,0,0,0,20221202,20231209
1283,0,0,0,0,1,1,1,20221202,20231209
1284,0,0,0,0,0,0,1,20221202,20231209
1285,0,0,0,0,0,0,0,20221202,20231209
1286,0,0,0,0,0,1,1,20221202,20231209
1287,0,0,0,0,1,1,0,20221202,20231209
1288,1,1,1,1,0,0,0,20221202,20231209
1289,0,0,0,0,0,0,1,20221202,20231209
1290,0,0,0,0,0,0,0,20221202,20231209
1291,0,0,0,0,1,1,0,20221202,20231209
1292,0,0,0,0,1,1,0,20221202,20231209
1293,0,0,0,0,1,0,0,20221202,20231209
1294,0,0,0,0,0,1,1,20221202,20231209
1295,0,0,0,0,1,1,0,20221202,20231209
